This page collects the old stats from previous providers.

'''(Accesses Through 00:34:48 17 Feb 2003)'''

== Monthly Statistics ==

        Hits               Bytes      Visits      PViews      Month

       4,385          10,808,669         442       4,048   May 2001  
      18,461          59,507,239       2,343      17,629   Jun 2001   
      16,733          73,362,833       2,463      15,960   Jul 2001   
      27,317          87,167,929       3,235      25,174   Aug 2001   
      34,456         129,234,728       4,193      28,924   Sep 2001    
      41,625         184,722,336       6,353      38,974   Oct 2001    
      71,278         386,719,704       9,910      63,190   Nov 2001    
     124,219         684,110,132       9,521     120,781   Dec 2001    
      73,336         559,873,686      11,519      66,214   Jan 2002   
      75,276         592,474,181      11,548      71,494   Feb 2002   
      79,923         691,378,680      14,178      76,251   Mar 2002    
      99,001         810,523,253      15,613      95,302   Apr 2002     
     106,929         901,402,644      16,042     102,637   May 2002    
     104,481         803,780,355      15,118      97,440   Jun 2002     
     113,258         901,445,199      18,975     107,746   Jul 2002    
     157,694       1,177,532,709      20,304     153,142   Aug 2002     
     140,800       1,072,296,127      20,889     136,221   Sep 2002     
     193,285       1,487,870,820      25,474     186,935   Oct 2002     
     191,695       1,337,591,703      26,377     182,561   Nov 2002      
     251,354       1,456,314,712      24,292     209,575   Dec 2002     
     206,241       1,596,759,740      30,226     189,166   Jan 2003       
     150,999         860,005,295      15,393     117,784   Feb 2003     

----
EmacsWiki
